"FID" "IID" "O.HOM." "E.HOM." "N.NM." "F" "HET_RATE" "HET_DST"
786601 786601 63578 63660 64192 -0.1625 0.00956505483549352 3.45271956633428
822701 822701 63630 63560 64060 0.134 0.00671245707149547 -3.16232097851326
500401 500401 63603 63530 64036 0.1493 0.00676182147542008 -3.04784723897845
682801 682801 63567 63640 64175 -0.1469 0.00947409427347098 3.24178628532451
487501 487501 63585 63520 64018 0.1292 0.00676372270298978 -3.04343838133391
803611 803611 63599 63690 64219 -0.1633 0.00965446363225837 3.66005437642561
224811 224811 63506 63590 64111 -0.1526 0.00943675812263106 3.15520550106124
379411 379411 63781 63650 64174 0.2565 0.00612397544176769 -4.52698230219432
961311 961311 63566 63650 64171 -0.1592 0.00942793473687491 3.13474448294772
184431 184431 63672 63570 64084 0.2045 0.00642906185631359 -3.81950120290512
512531 512531 63778 63840 64405 -0.108 0.00973526900085397 3.84743823974047
874031 874031 63589 63680 64206 -0.1656 0.00960969379808741 3.55623522885258
537341 537341 63705 63600 64119 0.1958 0.00645674449071258 -3.75530647091428
280541 280541 63635 63740 64285 -0.1942 0.0101112234580384 4.71925900910324
718941 718941 63533 63610 64136 -0.1544 0.00940189597106149 3.0743618051768
844951 844951 63755 63830 64398 -0.1253 0.00998478213609118 4.42604750842084
62061 62061 63550 63630 64154 -0.1544 0.00941484552794837 3.10439122079425
426461 426461 63730 63830 64397 -0.1675 0.0103576253552184 5.2906534625184
451461 451461 63571 63640 64178 -0.1384 0.00945806974352582 3.20462615127505
266461 266461 63572 63670 64202 -0.1911 0.00981277841811782 4.02717894636194
708871 708871 63483 63580 64089 -0.1881 0.00945560080513036 3.19890079882797
710771 710771 63612 63680 64219 -0.1342 0.00945203133029166 3.19062335393901
877671 877671 63588 63660 64196 -0.1367 0.00947099507757493 3.23459939526677
997971 997971 63588 63670 64200 -0.1646 0.00953271028037383 3.37771405864506
332881 332881 63584 63660 64189 -0.1511 0.00942529093769961 3.12861363654596
301381 301381 63493 63600 64115 -0.2023 0.0097013179443188 3.7687073305478
501481 501481 63592 63690 64228 -0.1834 0.00990222332938905 4.2345975043013
371891 371891 63572 63650 64181 -0.154 0.00948878951714682 3.27586386680444
192802 192802 63563 63500 63991 0.128 0.00668844056195402 -3.21801413875038
874202 874202 63602 63670 64213 -0.1351 0.00951520720103406 3.33712523783283
424902 424902 63581 63510 64009 0.1406 0.00668655970254183 -3.22237576359208
978302 978302 63705 63590 64099 0.2305 0.00614674175884179 -4.47418827970623
157802 157802 63700 63550 64059 0.2902 0.00560420862017827 -5.73229720570937
657902 657902 63578 63660 64196 -0.1479 0.00962676802292978 3.59582955618103
232302 232302 63527 63610 64128 -0.1567 0.00937188123752495 3.0047590445658
127802 127802 63593 63670 64203 -0.153 0.00950111365512515 3.30444296527947
34302 34302 63532 63620 64137 -0.1681 0.00943293262859192 3.14633435964328
507912 507912 63618 63540 64050 0.1483 0.00674473067915691 -3.08747999465521
529712 529712 63579 63660 64182 -0.1466 0.00939515752080022 3.05873565477792
849622 849622 63848 63650 64186 0.366 0.00526594584488829 -6.51671273095319
287222 287222 63533 63620 64142 -0.1588 0.0094945589473356 3.28924290506252
25032 25032 63566 63650 64174 -0.1672 0.00947424190482127 3.24212863550798
786532 786532 63752 63840 64406 -0.1493 0.0101543334471944 4.8192290538651
771442 771442 63588 63530 64021 0.1201 0.00676340575748583 -3.04417336310585
855342 855342 63571 63510 64004 0.1289 0.00676520217486407 -3.04000755538401
516742 516742 63549 63640 64158 -0.1703 0.00949219115309081 3.28375210116131
628642 628642 63565 63500 63995 0.1229 0.00671927494335495 -3.14651065314976
956852 956852 63606 63520 64021 0.1689 0.00648224801237094 -3.69616499925793
382962 382962 63579 63660 64182 -0.1447 0.00939515752080022 3.05873565477792
345562 345562 63530 63470 63963 0.1135 0.00676953863952598 -3.02995149703543
587762 587762 63751 63830 64393 -0.1401 0.00997002779805258 4.39183288988278
661662 661662 63611 63530 64040 0.1532 0.00669893816364772 -3.19367069232977
412072 412072 63615 63540 64043 0.1503 0.00668300985275518 -3.23060769890493
1082 1082 63784 63680 64209 0.2002 0.0066190097961345 -3.37902083122997
868882 868882 63792 63890 64468 -0.1659 0.010485822423528 5.58793645674246
981082 981082 63531 63620 64145 -0.1678 0.00957206329409931 3.46897185343177
886082 886082 63541 63620 64143 -0.1535 0.00938527976552391 3.03582960315383
295082 295082 63695 63580 64083 0.2335 0.00605464787853253 -4.68774967271674
624482 624482 63556 63640 64167 -0.1603 0.00952202845699503 3.35294341076913
514192 514192 63572 63500 63995 0.1473 0.00660989139776545 -3.4001659697688
713803 713803 63658 63720 64262 -0.1101 0.00939902275061467 3.06769894159684
520103 520103 63595 63660 64200 -0.1305 0.00942367601246106 3.12486870059154
828903 828903 63546 63640 64159 -0.171 0.00955438831652613 3.42798440867126
896503 896503 63713 63880 64460 -0.2934 0.0115885820663978 8.14518439434913
499703 499703 63590 63670 64204 -0.142 0.00956326708616286 3.44857385940861
960103 960103 63539 63470 63960 0.1354 0.00658223889931207 -3.46429081791391
70313 70313 63494 63440 63926 0.1098 0.0067578137221162 -3.05714103109086
403713 403713 63671 63740 64285 -0.1344 0.00955121723574706 3.42063082093826
836113 836113 63578 63500 63995 0.1556 0.00651613407297445 -3.61758481258513
600013 600013 63560 63650 64185 -0.1788 0.00973747760380151 3.8525598864829
405413 405413 63586 63660 64192 -0.1411 0.00944042871385842 3.16371743011728
682223 682223 63738 63790 64350 -0.102 0.00951048951048951 3.32618513452626
584323 584323 63500 63590 64107 -0.1677 0.00946854477670145 3.22891726235982
837123 837123 63709 63580 64083 0.2567 0.005836181202503 -5.19436365730036
238033 238033 63624 63550 64056 0.15 0.00674409891345073 -3.08894502972393
791633 791633 63680 63590 64108 0.1705 0.00667623385536906 -3.2463209193269
330043 330043 63646 63720 64257 -0.1302 0.0095086916600526 3.32201600360853
966043 966043 63581 63520 64012 0.1196 0.00673311254139849 -3.11442191170273
63643 63643 63557 63640 64163 -0.148 0.0094446955410439 3.17361200242118
588443 588443 63605 63680 64212 -0.1476 0.00945306173300941 3.19301280955783
145643 145643 63733 63790 64345 -0.09653 0.0095112285336856 3.32789889468811
798043 798043 63599 63540 64033 0.1261 0.00677775521996471 -3.01089763201871
779243 779243 63690 63770 64330 -0.1486 0.00994870200528525 4.34237937576054
113953 113953 63738 63880 64462 -0.25 0.0112314231640346 7.31694963587618
1563 1563 63662 63740 64289 -0.1383 0.00975283485510741 3.88817263263591
930663 930663 63519 63600 64132 -0.1596 0.00955841077777085 3.43731230780927
611963 611963 63716 63780 64322 -0.1095 0.00942134883865551 3.11947209358551
319763 319763 63616 63690 64223 -0.1411 0.00945144262958753 3.18925818459206
799963 799963 63541 63620 64144 -0.149 0.00940072337241207 3.07164260385559
804763 804763 63602 63670 64209 -0.1277 0.00945350340294974 3.19403702145326
619073 619073 63672 63760 64305 -0.1606 0.00984371355260089 4.09891607363887
871073 871073 63575 63510 63995 0.1414 0.00656301273536995 -3.50887539117697
579673 579673 63558 63500 63987 0.1258 0.00670448684889118 -3.18080355125599
578683 578683 63669 63560 64084 0.2074 0.00647587541351976 -3.71094275738026
771283 771283 63589 63670 64193 -0.1468 0.00940912560559563 3.09112698888804
498483 498483 63619 63710 64260 -0.1613 0.00997510115157174 4.40359775896146
436483 436483 63627 63690 64236 -0.1238 0.00948066504763684 3.25702360271527
143693 143693 63557 63660 64187 -0.1939 0.00981507158770467 4.03249669917824
517293 517293 63569 63640 64174 -0.1399 0.00942749400068564 3.13372243637724
371504 371504 63672 63570 64090 0.1997 0.00652207832735216 -3.60380036522501
517504 517504 63529 63600 64132 -0.1417 0.00940248238009106 3.07572166023783
374004 374004 63546 63470 63979 0.1449 0.00676784569937011 -3.03387734592741
35204 35204 63569 63510 63999 0.1284 0.0067188549821091 -3.14748452359993
521004 521004 63612 63540 64044 0.1347 0.00674536256323777 -3.08601468508113
345304 345304 63557 63640 64159 -0.1596 0.00938293926027525 3.03040208115592
708014 708014 63739 63800 64365 -0.1127 0.0097257826458479 3.82543982700244
802514 802514 63597 63530 64027 0.1377 0.00671591672263264 -3.15429820964195
940114 940114 63729 63810 64375 -0.1443 0.0100349514563107 4.54238781112594
567024 567024 63545 63640 64161 -0.1808 0.00960084786708437 3.53572192936797
458024 458024 63541 63470 63968 0.1366 0.00667521260630315 -3.24868914805605
686924 686924 63618 63540 64051 0.1448 0.00676023793539523 -3.05151939409297
352034 352034 63626 63690 64231 -0.1232 0.00941912783546885 3.11432169126962
246034 246034 63710 63620 64129 0.1828 0.00653370549985186 -3.57683749703582
190044 190044 63566 63660 64184 -0.1737 0.00962856786738128 3.60000331112516
732754 732754 63621 63540 64045 0.1527 0.00662034506987275 -3.37592439400056
754454 754454 63690 63580 64100 0.2066 0.00639625585023401 -3.8955767937472
826554 826554 63751 63850 64417 -0.1648 0.0103388856978748 5.24719707526004
724754 724754 63543 63620 64153 -0.1509 0.00950851869748882 3.32161491152797
810654 810654 63642 63710 64244 -0.129 0.00937052487391819 3.00161370091955
337264 337264 63531 63610 64132 -0.155 0.0093712967005551 3.00340353072354
16664 16664 63556 63640 64160 -0.1614 0.0094139650872818 3.10234952014503
73964 73964 63718 63590 64113 0.2384 0.00616099698969008 -4.44113106735484
879164 879164 63565 63640 64168 -0.1414 0.00939720733075676 3.0634890680151
677964 677964 63574 63650 64176 -0.141 0.0093804537521815 3.02463830435492
432564 432564 63505 63600 64113 -0.1836 0.0094832561259027 3.26303219179849
433674 433674 63544 63650 64171 -0.2031 0.00977076872730673 3.92976044190291
161674 161674 63734 63850 64423 -0.2028 0.0106949381432097 6.07286601173206
786574 786574 63649 63710 64254 -0.1082 0.00941575621751175 3.10650306721773
331184 331184 63756 63840 64419 -0.1514 0.0102919945978671 5.13845881161201
235794 235794 63667 63580 64096 0.1607 0.00669308537194209 -3.20724304203919
239894 239894 63523 63610 64129 -0.1694 0.00944970294250651 3.18522393177116
414494 414494 63622 63690 64232 -0.1352 0.00949682401295305 3.29449548609068
118005 118005 63569 63660 64190 -0.167 0.00967440411279015 3.70629541638795
49205 49205 63573 63650 64186 -0.1469 0.009550369239398 3.41866435714104
784505 784505 63674 63770 64309 -0.1698 0.00987420112270444 4.16961532009213
203315 203315 63681 63740 64289 -0.1114 0.00945729440495264 3.20282817745543
639515 639515 63554 63630 64158 -0.1495 0.00941425854920665 3.10303004459742
756715 756715 63559 63490 63981 0.1341 0.00659570810084244 -3.43305637071823
294515 294515 63498 63580 64103 -0.1613 0.00943793582203641 3.15793653079644
435415 435415 63926 63580 64097 0.668 0.00266783156778008 -12.5416179945436
390415 390415 63624 63690 64227 -0.1301 0.00938857489840721 3.04347086190359
417125 417125 63777 63880 64451 -0.1714 0.0104575569036943 5.52239004074202
838225 838225 63593 63660 64202 -0.1243 0.00948568580418055 3.26866650187254
678725 678725 63697 63590 64109 0.199 0.0064265547739007 -3.82531500954125
723725 723725 63752 63830 64404 -0.1423 0.0101235948077759 4.74794758943547
916335 916335 63781 63640 64176 0.2564 0.00615494889055098 -4.45515632585055
466935 466935 63522 63600 64135 -0.1535 0.00955796367038279 3.43627548672736
39435 39435 63513 63620 64140 -0.1975 0.0097754911131899 3.94071143347973
416335 416335 63676 63570 64077 0.2059 0.00625809572857656 -4.2159636418264
376845 376845 63732 63810 64369 -0.1345 0.00989606798303531 4.22032354454032
814245 814245 63533 63640 64175 -0.209 0.0100038955979743 4.47037073089015
954345 954345 63541 63620 64143 -0.1571 0.00938527976552391 3.03582960315383
799265 799265 63621 63530 64038 0.1726 0.00651175864330554 -3.62773122895911
987065 987065 63672 63570 64089 0.197 0.00650657679164911 -3.639747700134
685865 685865 63705 63810 64372 -0.188 0.0103616479214565 5.2999816051312
735975 735975 63581 63660 64184 -0.1521 0.00939486476380406 3.05805676502212
387775 387775 63542 63620 64147 -0.1457 0.00943146211046503 3.14292429701401
103085 103085 63660 63740 64283 -0.158 0.00969152030863525 3.745987072505
150085 150085 63527 63610 64132 -0.1563 0.00943366805962702 3.14803978975212
563285 563285 63791 63840 64406 -0.08433 0.00954879980126075 3.41502490364306
506795 506795 63549 63620 64155 -0.1362 0.00944587327566051 3.17634311380963
855195 855195 63555 63650 64169 -0.1722 0.00956848322398666 3.46066983859903
963695 963695 63482 63590 64097 -0.2062 0.00959483283148977 3.52177334368263
